JHPMSFNV
SRLMJDQ
NQDHCSWB
RSCL
MVTPFB
TRQNC
GVR
CZSPDLR
DSJVGPBF

1 8 4
1 7 8
1 6 3
2 6 5
8 5 1
5 3 8
1 7 8
8 1 2
3 3 9
13 8 7
2 1 2
1 6 2
2 1 7
4 4 2
10 9 4
7 4 1
1 6 7
2 4 5
1 5 2
1 5 8
3 1 5
2 4 6
2 6 4
2 4 5
5 1 5
1 9 5
1 8 5
14 2 6
12 7 4
4 6 7
3 6 4
4 4 9
2 4 6
2 9 3
9 4 3
2 1 6
5 7 3
4 7 8
2 6 7
3 6 7
10 5 8
8 8 9
10 9 7
12 7 5
1 1 5
3 7 2
10 3 7
6 5 7
2 6 1
12 2 7
3 3 1
1 6 5
10 5 7
3 3 4
34 7 1
2 6 9
1 6 3
3 1 3
1 7 3
3 3 6
1 4 3
22 1 6
2 9 7
2 4 9
12 6 8
1 7 6
4 8 2
1 7 1
6 8 9
1 2 5
1 2 7
13 1 2
2 3 1
4 7 5
3 9 4
1 1 8
4 5 2
12 6 2
3 1 3
1 4 1
9 8 5
6 5 7
2 4 5
5 9 6
5 3 7
30 2 6
11 7 9
36 6 3
10 9 3
1 6 5
3 5 2
2 5 2
28 3 4
6 4 1
1 2 3
2 5 2
6 1 7
1 1 6
6 3 5
6 7 2
1 6 4
2 2 6
8 2 1
3 2 4
2 3 4
4 3 4
1 6 1
2 1 8
1 6 4
1 9 3
2 5 4
1 8 7
1 7 9
1 3 5
1 8 6
34 4 9
13 9 8
1 8 2
1 2 1
4 5 1
9 8 7
11 1 3
1 4 2
1 6 7
1 9 4
1 4 1
1 5 3
5 7 8
1 2 5
1 5 1
21 9 5
19 3 4
17 4 6
2 8 4
2 6 8
2 6 9
2 7 6
1 4 9
6 5 6
1 9 8
8 5 7
15 6 2
1 9 7
2 1 6
3 4 7
1 1 6
3 5 4
2 5 6
2 4 1
13 7 8
2 6 4
3 2 4
2 7 6
5 4 6
4 2 6
1 1 9
18 8 3
1 4 5
1 2 7
15 3 1
1 5 1
3 3 4
1 5 4
1 5 6
1 6 8
2 8 2
3 1 8
6 2 8
1 7 6
12 8 5
2 9 6
6 1 5
9 5 3
1 2 8
20 6 9
3 6 7
1 7 1
7 3 4
2 7 2
1 8 7
8 4 1
11 1 7
10 7 6
2 4 9
21 9 3
6 5 9
6 3 2
1 4 5
1 7 9
8 3 2
9 2 1
14 1 6
1 1 7
4 3 8
3 8 7
5 7 4
3 6 9
2 3 7
3 5 6
1 5 6
2 7 9
1 8 3
22 6 5
3 9 4
3 6 1
5 4 6
9 2 8
4 6 1
1 3 2
1 2 3
6 8 1
2 4 3
10 1 7
2 8 7
1 9 6
4 3 5
1 8 3
4 9 8
1 4 3
1 3 8
3 7 6
1 1 5
10 5 9
5 6 4
5 8 5
4 9 8
3 3 9
2 8 6
5 7 5
1 4 1
1 1 2
2 8 6
1 2 1
1 7 2
1 1 5
28 5 9
3 6 1
1 6 9
1 2 9
2 1 2
2 7 5
1 7 5
1 2 5
3 1 9
1 5 8
15 9 2
11 9 4
11 4 7
2 4 1
7 7 8
1 1 4
20 9 1
2 7 8
1 4 6
1 6 2
2 7 5
1 9 6
1 4 9
4 5 2
1 6 8
1 4 9
11 8 3
1 1 9
1 5 9
1 2 6
4 9 8
4 8 7
10 1 6
7 1 5
8 3 4
2 3 5
3 7 4
1 4 5
2 1 6
9 2 6
1 7 9
1 3 2
7 4 3
3 3 7
5 2 3
1 1 9
2 2 7
1 4 6
3 5 6
4 7 6
1 7 4
1 4 7
1 2 8
1 7 1
27 6 2
1 4 1
7 5 7
1 4 1
1 8 3
3 7 3
2 1 6
2 9 1
18 2 1
2 7 5
12 3 4
1 5 6
3 6 1
24 1 8
9 2 4
3 2 1
2 6 3
1 6 9
1 5 6
1 6 2
1 1 7
1 2 1
1 1 2
3 7 2
2 1 4
8 4 5
22 8 1
1 8 1
13 4 1
1 8 5
3 3 1
1 2 7
38 1 6
27 6 1
2 2 9
3 9 8
2 8 6
1 8 3
1 2 1
1 3 6
1 2 3
1 7 6
7 6 3
20 1 4
6 1 6
17 4 7
3 6 5
14 7 9
8 5 7
3 1 6
3 3 1
2 4 1
4 5 1
9 6 2
3 6 4
4 7 8
4 1 6
2 3 1
6 6 7
4 8 7
4 2 1
4 2 3
4 9 5
8 9 5
1 9 5
1 2 1
16 7 2
10 2 9
11 9 8
4 3 5
3 1 4
13 5 7
10 8 5
2 1 5
11 7 4
2 3 6
3 7 6
1 3 2
1 1 8
2 8 4
3 1 2
4 6 1
7 1 9
1 6 7
2 5 8
1 2 9
1 7 8
5 5 8
1 2 3
4 2 5
17 4 1
10 5 9
2 4 2
2 4 1
1 4 9
1 3 7
1 7 8
12 9 2
1 2 4
1 4 1
1 1 9
1 8 1
8 8 3
2 5 1
3 1 9
1 2 6
4 3 7
1 7 6
10 9 2
1 5 9
1 9 3
17 1 6
2 1 2
11 6 7
2 2 9
2 9 5
12 7 9
20 2 7
5 9 5
21 7 1
2 6 4
11 1 4
5 4 6
1 7 8
5 9 3
5 2 8
3 9 3
2 8 7
2 1 7
10 6 3
1 2 6
2 8 5
1 6 5
2 4 9
1 4 5
8 1 6
4 4 8
6 8 4
21 3 9
5 9 2
4 7 9
22 9 3
9 6 4
2 2 6
2 2 1
2 5 7
7 5 4
22 4 2
2 5 4
16 2 5
2 6 2
13 3 4
5 5 7
15 4 7
3 2 3
3 2 5
1 1 2
1 2 4
6 5 9
4 3 6
2 5 9
1 2 7
1 1 9
2 4 5
19 7 8
1 6 5
1 5 1
1 9 4
5 8 1
3 8 1
7 5 6
3 7 1
1 2 5
4 9 8
2 5 6
10 1 4
1 7 2
6 3 4
9 4 3
2 2 8
2 9 5
5 8 3
1 1 5
2 5 6
1 1 7
2 9 7
8 4 7
3 3 9
4 6 3
1 5 3
1 7 2
1 2 1
1 6 5
1 5 2
10 7 4
10 4 1
10 1 8
1 9 6
1 1 4
11 8 1
2 9 5
5 6 3
1 3 8
4 1 3
5 3 8
1 4 7
1 7 2
13 3 5
2 2 1
4 3 1
4 5 6
3 6 2
4 5 4
8 8 7
1 3 9